0 29	0 31	f
0 31	0 32	cr
0 32	0 34	cl
0 34	0 36	cr
0 36	0 39	j
0 39	0 40	f
0 40	0 41	cl
0 41	0 43	cr
0 43	0 48	f
0 48	0 50	r
0 50	0 53	cl
0 53	0 58	f
0 58	1 00	cr
1 00	1 09	f
1 09	1 10	r
1 10	1 13	cl
1 13	1 15	r
1 15	1 20	f
1 20	1 21	r
1 21	1 22	cl
1 22	1 26	r
1 26	1 34	f
1 34	1 35	cl
1 35	1 37	r
1 37	1 40	f
1 40	1 41	l
1 41	1 43	f
1 43	1 45	cr
1 45	1 55	f
1 56	2 12	f
2 12	2 14	r
2 14	2 19	b
2 19	2 22	f
2 22	2 40	f
2 40	2 42	j
2 42	2 44	f
2 44	2 48	b
2 48	2 50	f
2 50	2 52	l
2 52	2 56	f
2 56	3 00	cl
3 00	3 02	cr
3 02	3 10	b
3 10	3 12	l
3 12	3 19	f
3 19	3 20	l
3 20	3 22	f
3 22	3 24	l
3 24	3 26	f
3 26	3 29	j