0 01	0 09	f
0 11	0 16	f
0 18	0 21	l
0 21	0 22	r
0 22	0 26	cl
0 26	0 34	f
0 36	0 47	f
0 50	0 51	f
0 52	0 54	l
0 54	0 58	f
1 04	1 10	f
1 11	1 12	r
1 12	1 18	f
1 18	1 20	cl
1 20	1 38	f
1 40	1 46	f
1 46	1 48	r
1 48	2 10	f
2 10	2 11	r
2 11	2 17	f
2 17	2 19	cl
2 19	2 23	f
2 23	2 25	cl
2 26	2 36	f
2 38	2 40	cr
2 40	2 45	f
2 45	2 46	r
2 46	2 47	f
2 47	2 51	cl
2 51	2 55	f
2 58	3 02	cr
3 02	3 05	f
3 05	3 07	r
3 07	3 08	f
3 08	3 10	l
3 10	3 13	f
3 13	3 15	cr
3 15	3 20	f
3 20	3 21	l
3 21	3 28	f
3 28	3 32	r
3 32	3 34	b
3 34	3 39	cl
3 39	3 41	f
3 41	3 44	cl
3 44	3 45	f
3 45	3 49	cr
3 49	4 09	f
4 09	4 11	r
4 11	4 15	cl
4 15	4 19	f
4 19	4 22	l
4 22	4 23	f
