0 07	0 12	f
0 12	0 14	l
0 14	0 17	r
0 17	0 28	f
0 28	0 30	cl
0 30	0 38	f
0 41	0 43	f
0 43	0 44	cl
0 44	0 48	f
0 48	0 49	cr
0 49	0 52	f
0 52	0 54	cl
0 54	0 56	cr
0 56	1 02	f
1 02	1 06	cl
1 06	1 07	f
1 07	1 11	cr
1 12	1 14	cl
1 14	1 19	f
1 19	1 21	cl
1 21	1 23	f
1 23	1 26	cr
1 26	1 41	f
1 41	1 43	cl
1 43	1 45	r
1 45	1 48	f
1 48	1 49	j
1 49	1 52	f
1 52	1 54	cl
1 54	1 56	cr
1 56	2 15	f
2 15	2 18	cl
2 18	2 20	f
2 20	2 23	cr
2 23	2 27	f
2 27	2 29	r
2 29	2 31	f
2 31	2 35	cl
2 35	2 39	cr
2 39	3 02	f
3 02	3 05	cl
3 05	3 10	f
3 10	3 13	cr
3 13	3 16	f
3 16	3 19	cl
3 19	3 36	f
3 36	3 38	cl
3 38	3 43	cr
3 43	3 59	f
3 59	4 02	cl
4 02	4 04	cr
4 04	4 09	cl
4 09	4 22	f
4 22	4 24	cr
4 24	4 42	f
4 42	4 50	r
4 50	4 53	b
4 53	5 00	f
5 00	5 04	cl
5 04	5 13	f
5 13	5 17	cl
5 17	5 21	f
5 21	5 25	cr
5 25	5 34	f
5 34	5 38	cr
5 38	5 43	f
5 43	5 46	cr
5 46	5 51	cl
5 51	5 56	cr
5 56	5 58	f
5 58	6 02	l
6 02	6 05	f
6 05	6 11	r
6 11	6 15	l
6 15	6 25	f
6 25	6 31	cl
6 31	6 33	f
6 33	6 38	cr
6 38	6 48	f
6 48	6 52	cl
6 52	6 54	f
6 54	6 57	cr
6 57	7 02	cl