0 08	0 12	f
0 12	0 13	r
0 13	0 15	f
0 15	0 16	r
0 16	0 17	l
0 17	0 19	r
0 28	0 33	f
0 33	0 39	l
0 39	0 41	f
0 41	0 43	l
0 43	0 52	f
0 52	0 57	lr
1 01	1 43	ss
1 43	1 45	f
1 45	1 48	ss
1 48	2 11	r
2 11	2 14	ss
2 14	2 20	f
2 20	2 23	r
2 26	2 36	ss
2 36	2 42	l
2 42	2 46	ss
2 46	2 49	l
2 49	2 53	ss
3 01	3 03	f
3 03	3 04	ss
3 04	3 05	f
3 05	3 07	ss
3 07	3 11	f
3 17	3 23	f
3 23	3 31	r
3 40	3 49	r
3 59	4 01	r
4 01	4 03	l
4 11	4 17	l
4 17	4 18	r
4 18	4 21	f
4 21	4 23	ss
4 23	4 28	f
4 28	4 32	cr
4 34	4 40	f
4 40	4 43	r
4 43	4 46	f
4 46	4 51	cl
4 54	4 58	l
4 58	5 01	ss
5 20	5 33	l
5 33	5 34	ss
5 34	5 36	f