0 10	0 21	b
0 21	0 22	l
0 22	0 24	f
0 24	0 27	l
0 27	0 33	b
0 33	0 36	l
0 36	0 39	r
0 39	0 43	l
0 43	0 49	f
0 49	0 51	l
0 51	1 01	cr
1 01	1 05	cl
1 05	1 10	r
1 10	1 16	cl
1 16	1 21	cr
1 21	1 24	cl
1 24	1 31	f
1 31	1 33	r
1 33	1 39	b
1 39	1 49	cl
1 49	1 53	b
1 53	1 56	cr
1 56	1 59	b
1 59	2 01	cl
2 01	2 04	r
2 04	2 08	cl
2 08	2 12	f
2 12	2 14	cl
2 14	2 17	f
2 17	2 22	cr
2 22	2 28	b
2 28	2 30	cl
2 30	2 33	f
2 33	2 35	cr
2 35	2 37	f
2 37	2 41	cl
2 41	2 43	f
2 43	2 46	cr
2 46	2 49	b
2 49	2 51	cl
2 51	2 57	f
2 57	2 59	r
2 59	3 06	f
3 06	3 15	cl
3 15	3 18	b
3 18	3 23	cr
3 23	3 28	cl
3 28	3 31	r
3 31	3 34	l
3 34	3 38	b
3 38	3 40	cl
3 40	3 45	f
3 45	3 48	cr
3 48	3 52	f
3 52	3 55	cl
3 55	3 57	b
3 57	3 59	cr
3 59	4 01	f
4 01	4 06	cl
4 07	4 08	b
4 08	4 10	cr
4 10	4 13	b
4 13	4 15	cl
4 15	4 22	f
4 22	4 24	r
4 24	4 31	f
4 31	4 39	cl
4 39	4 41	f
4 41	4 47	cr
4 47	4 42	cl
4 42	4 56	r
4 56	4 59	cl
4 59	5 02	f
5 02	5 05	cl
5 05	5 07	f
5 07	5 13	cr
5 13	5 15	j
5 15	5 20	f
5 20	5 22	cl
5 22	5 24	b
5 24	5 26	cr
5 26	5 28	b
5 28	5 30	cl
5 30	5 32	f
5 32	5 34	cl
5 34	5 35	f
5 35	5 37	cr
5 37	5 40	f
5 40	5 44	cl
5 44	5 49	b
5 49	5 51	r
5 51	5 57	b
5 57	6 02	cl
6 02	6 05	b
6 05	6 07	cl
6 07	6 11	f
6 11	6 15	cr
6 15	6 17	f
6 17	6 19	cl
6 19	6 21	b
6 21	6 25	lr
6 25	6 29	f
6 29	6 32	cl
6 32	6 37	f
6 37	6 39	cr
6 39	6 47	f
6 47	6 50	cl
6 50	6 52	f
6 52	6 54	cr
6 54	6 55	f
6 55	7 00	cl
7 04	7 07	f
7 07	7 09	cl
7 09	7 12	f
7 12	7 17	cr
7 17	7 19	f
7 19	7 21	j
7 21	7 24	j
7 24	7 27	cl
7 27	7 30	f
7 30	7 32	cr
7 32	7 35	cl
7 35	7 36	f
7 36	7 39	cl
7 39	7 40	f
7 40	7 42	cr
7 42	7 46	f
7 46	7 48	cl
7 48	7 55	f
7 55	7 56	cr
7 56	8 03	f
8 03	8 07	cl
8 07	8 11	b
8 11	8 12	cl
8 12	8 18	b
8 18	8 21	cr
8 21	8 23	b
8 23	8 25	cl
8 25	8 28	b
8 28	8 29	r