0 04	0 14	f
0 14	0 24	b
0 24	0 26	j
0 26	0 34	b
0 34	0 37	l
0 37	0 42	b
0 42	0 47	r
0 47	0 59	b
0 59	1 02	l
1 02	1 31	b
1 31	1 32	l
1 32	2 06	f
2 06	2 10	cl
2 10	2 33	f
2 33	2 43	cl
2 56	3 02	f
3 02	3 06	cl
3 06	3 39	f
3 39	3 43	cl
3 43	3 51	f
3 51	3 57	cl
3 57	4 01	r
4 01	4 15	f
4 15	4 20	r
4 20	4 23	l
4 23	4 31	r
4 31	4 56	f
4 56	4 57	l
4 57	5 07	b
5 07	5 20	f
5 20	5 26	cl
5 48	6 03	f
6 03	6 09	cl
6 09	6 15	f
6 15	6 19	cl
6 19	6 23	j
6 23	6 27	l
6 27	6 37	f
6 37	6 42	cl
6 42	6 47	f
6 47	6 51	cl