0 04	0 06	f
0 06	0 08	r
0 08	0 11	f
0 11	0 13	l
0 13	0 15	j
0 15	0 16	f
0 16	0 18	j
0 19	0 21	f
0 21	0 23	cr
0 23	0 24	j
0 24	0 27	b
0 27	0 31	cl
0 31	0 35	j
0 35	0 40	f
0 40	0 44	r
0 44	0 48	cl
0 48	0 54	f
0 54	0 56	cr
0 56	0 58	f
0 58	0 59	j
0 59	1 05	l
1 05	1 07	j
1 07	1 09	f
1 09	1 13	cr
1 13	1 14	f
1 14	1 15	b
1 15	1 16	j
1 16	1 18	f
1 18	1 20	f
1 20	1 22	j
1 22	1 24	b
1 24	1 26	f
1 26	1 27	j
1 27	1 30	f
1 30	1 32	l
1 32	1 33	r
1 33	1 37	f
1 37	1 39	b
1 39	1 41	j
