0 21	0 25	roll
0 25	0 28	roll
0 39	0 41	roll
0 46	0 48	run
0 48	0 50	c
0 51	0 53	j
0 53	0 55	roll
0 55	0 58	w
1 05	1 07	c
1 15	1 17	j
1 17	1 19	roll
1 19	1 31	w
1 31	1 34	run
1 34	1 36	j
1 41	1 42	run
1 42	1 43	j
1 43	1 45	roll
1 55	1 56	run
1 56	1 57	j
1 58	2 16	w
2 16	2 20	run
2 20	2 22	j
2 22	2 28	w
2 28	2 33	v
2 35	2 40	v
2 40	2 46	w
2 46	2 48	run
2 48	2 50	roll
2 50	3 02	w
3 02	3 06	c
3 15	3 17	j
3 17	3 19	roll
3 32	3 57	w
3 58	3 59	run
3 59	4 02	roll
4 03	4 14	w
4 14	4 15	run
4 15	4 18	roll