0 13	0 20	f
0 20	0 21	cl
0 21	0 23	cr
0 23	0 25	f
0 25	0 26	cr
0 26	0 28	cl
0 28	0 31	f
0 31	0 33	cr
0 33	0 35	f
0 35	0 37	cl
0 37	0 38	r
0 38	0 43	f
0 43	0 44	l
0 44	0 45	r
0 45	0 46	f
0 46	0 48	cl
0 48	0 49	cr
0 49	0 51	cl
0 51	0 52	f
0 52	0 54	cr
0 54	0 56	r
0 56	0 57	l
0 57	0 58	r
0 58	1 01	cl
1 01	1 02	l
1 02	1 05	cr
1 05	1 07	f
1 07	1 08	cr
1 08	1 11	f
1 11	1 12	j
1 12	1 15	f
1 15	1 17	cl
1 17	1 21	f
1 21	1 23	j
1 23	1 24	l
1 24	1 26	r
1 26	1 29	f
1 29	1 31	l
1 31	1 34	cr
1 34	1 36	j
1 36	1 42	lr
1 42	1 45	cl
1 45	1 48	cr
1 55	1 57	r
1 57	1 59	l
1 59	2 03	r
2 03	2 09	lr
2 09	2 10	cl
2 10	2 12	cr
2 12	2 16	f
2 16	2 18	cr
2 18	2 20	cl
2 20	2 21	j
2 21	2 24	cl
2 24	2 27	lr
2 27	2 29	j
2 29	2 35	lr
2 35	2 36	cl
2 36	2 40	f
2 40	2 41	r
2 41	2 55	f
2 55	2 56	r
2 56	2 57	cl
2 57	3 12	f
3 12	3 14	lr
3 14	3 16	f
3 16	3 17	r
3 17	3 24	lr
3 24	3 25	cl
3 25	3 29	f
3 29	3 30	cr
3 30	3 36	f
3 36	3 40	lr
3 40	3 44	f
3 44	3 45	r
3 45	3 52	f
3 52	4 00	lr
4 00	4 13	f
4 13	4 18	lr
4 18	4 21	f
4 21	4 22	cr
4 22	4 24	cl
4 24	4 29	f
4 29	4 34	lr
4 34	4 36	r
4 36	4 38	f
4 38	4 39	l
4 39	5 13	f
5 13	5 15	j
5 15	5 17	f