0 09	0 11	f
0 11	0 12	j
0 12	0 23	f
0 23	0 25	b
0 25	0 29	f
0 29	0 30	j
0 30	0 34	f
0 34	0 37	cl
0 37	0 41	f
0 41	0 43	cr
0 43	0 46	f
0 46	0 49	cl
0 49	0 58	b
0 58	0 59	cr
0 59	1 06	f
1 06	1 08	cr
1 08	1 09	f
1 09	1 10	cl
1 10	1 21	f
1 21	1 22	r
1 22	1 29	f
1 29	1 32	r
1 32	1 36	f
1 36	1 37	cl
1 37	1 47	f
1 47	1 49	cl
1 49	1 57	f
1 57	1 58	cr
1 58	2 09	f
2 09	2 12	cl
2 12	2 15	f
2 15	2 16	cr
2 16	2 19	f
2 19	2 12	r
2 12	2 26	f
2 26	2 27	cl
2 27	2 38	f
2 38	2 40	cr
2 40	2 46	f
2 46	2 49	cl
2 49	2 53	f
2 53	2 55	j
2 55	2 56	j
2 56	3 00	f
3 00	3 01	cl
3 01	3 04	f
3 04	3 05	cr
3 05	3 07	f
3 07	3 08	cl
3 08	3 13	f
3 13	3 14	cl
3 14	3 15	f
3 15	3 17	j
3 17	3 18	f
3 18	3 19	j
3 19	3 21	j
3 21	3 28	f
3 28	3 29	cr
3 29	3 31	f
3 31	3 33	cl
3 33	3 38	f
3 38	3 40	j
3 40	3 41	f
3 41	3 43	j